%YAML:1.0
---
camera_matrix: !!opencv-matrix
   rows: 3
   cols: 3
   dt: d
   data: [ 6.4162643209663736e+02, 0., 2.5727593406771780e+02, 0.,
       6.4162643209663736e+02, 2.5770218158736509e+02, 0., 0., 1. ]
distortion_coeffs: !!opencv-matrix
   rows: 5
   cols: 1
   dt: d
   data: [ 4.6144752302548931e-03, -4.0302282517060660e-02,
       -5.4122276516579222e-04, -4.9111295462151219e-04,
       -1.9840928954418066e-02 ]
rotation_vecs:
   - !!opencv-matrix
      rows: 3
      cols: 1
      dt: d
      data: [ -4.3832043067805665e-02, 4.0663245616111572e-02,
          -5.1111399620292122e-03 ]
   - !!opencv-matrix
      rows: 3
      cols: 1
      dt: d
      data: [ 3.6187636906686530e-03, -3.6308115597709562e-01,
          7.5146107250680952e-02 ]
   - !!opencv-matrix
      rows: 3
      cols: 1
      dt: d
      data: [ 3.1892870676309727e-02, 5.2023673918235380e-01,
          6.7622210360542237e-02 ]
   - !!opencv-matrix
      rows: 3
      cols: 1
      dt: d
      data: [ -5.0392882121119065e-01, 9.8375491751600416e-02,
          8.6448420574725085e-02 ]
   - !!opencv-matrix
      rows: 3
      cols: 1
      dt: d
      data: [ 6.7216557947146927e-01, 1.8567123136593974e-01,
          1.7550683656344340e-01 ]
   - !!opencv-matrix
      rows: 3
      cols: 1
      dt: d
      data: [ 5.0827731369737415e-02, 3.4604418982252576e-02,
          6.1814491604590860e-01 ]
   - !!opencv-matrix
      rows: 3
      cols: 1
      dt: d
      data: [ 2.7302299883503148e-02, -1.0223600520830432e-01,
          -3.8870391177965374e-01 ]
   - !!opencv-matrix
      rows: 3
      cols: 1
      dt: d
      data: [ 1.6336636866922669e-01, 3.4646960288193904e-02,
          8.3090944563470326e-01 ]
   - !!opencv-matrix
      rows: 3
      cols: 1
      dt: d
      data: [ 2.1643747128370192e-01, 4.9830148077493647e-01,
          -7.3755993296291567e-01 ]
   - !!opencv-matrix
      rows: 3
      cols: 1
      dt: d
      data: [ 3.2535047489093097e-02, 1.8476162634563076e-01,
          1.4082397475271380e+00 ]
   - !!opencv-matrix
      rows: 3
      cols: 1
      dt: d
      data: [ -1.3059217317749938e-01, 1.1405449346876821e-01,
          -1.5122794063422473e+00 ]
translational_vecs:
   - !!opencv-matrix
      rows: 3
      cols: 1
      dt: d
      data: [ -2.8732976663986016e+00, -2.6273950811103215e+00,
          1.0763221659999774e+01 ]
   - !!opencv-matrix
      rows: 3
      cols: 1
      dt: d
      data: [ -2.0929859979692789e+00, -2.7513378505430239e+00,
          1.0557608614269569e+01 ]
   - !!opencv-matrix
      rows: 3
      cols: 1
      dt: d
      data: [ -3.0643464010570187e+00, -2.7086147634012092e+00,
          1.5708213154696988e+01 ]
   - !!opencv-matrix
      rows: 3
      cols: 1
      dt: d
      data: [ -2.1442603259895421e+00, -3.3071997232666819e+00,
          1.6117624369974692e+01 ]
   - !!opencv-matrix
      rows: 3
      cols: 1
      dt: d
      data: [ -1.0509559776105333e-01, -1.6280405434120762e+00,
          1.4781479780491656e+01 ]
   - !!opencv-matrix
      rows: 3
      cols: 1
      dt: d
      data: [ 1.8064774382686433e+00, -4.4451047879722960e+00,
          1.9198844613158204e+01 ]
   - !!opencv-matrix
      rows: 3
      cols: 1
      dt: d
      data: [ -2.1570725243102524e+00, -8.2290793076269164e-01,
          1.9843511699749637e+01 ]
   - !!opencv-matrix
      rows: 3
      cols: 1
      dt: d
      data: [ 7.2392103237729433e-01, -4.5639897003817591e+00,
          2.0491606375951271e+01 ]
   - !!opencv-matrix
      rows: 3
      cols: 1
      dt: d
      data: [ -2.6214353098428820e+00, 3.2048365385092814e-01,
          2.1876241150804244e+01 ]
   - !!opencv-matrix
      rows: 3
      cols: 1
      dt: d
      data: [ 7.8324300949222634e+00, -4.5537625480089199e+00,
          2.3806587538591486e+01 ]
   - !!opencv-matrix
      rows: 3
      cols: 1
      dt: d
      data: [ -9.9767495821370911e-01, 3.8271021378081427e+00,
          2.2887109758055459e+01 ]
